39,46  2,38  41,83
39,20  4,89  44,09
34,65  1,39  36,03
40,61  2,89  43,51
40,40  2,27  42,67
38,50  1,84  40,35
38,91  1,87  40,78
33,01  2,44  35,45
37,46  2,36  39,82
43,41  2,15  45,56
45,60  1,63  47,23
36,05  1,59  37,64
36,72  2,15  38,86
47,33  1,56  48,89
40,32  1,93  42,26
42,36  1,34  43,70
36,20  2,23  38,42
37,50  4,11  41,60
37,98  1,94  39,92
32,52  1,50  34,02
41,12  2,07  43,19
38,78  3,22  42,00
33,65  1,56  35,21
34,52  2,39  36,91
38,61  1,84  40,45
41,17  1,53  42,70
30,71  1,59  32,30
43,42  2,28  45,71
35,88  3,29  39,17
37,28  1,94  39,22


100,00  8,18  108,18
110,00  9,98  119,98
105,00  7,96  112,96
110,00  11,90  121,90
110,00  8,34  118,34
110,00  12,64  122,64
105,00  12,01  117,01
110,00  8,36  118,36
120,00  11,93  131,93
110,00  16,33  126,33
100,00  14,05  114,05
110,00  8,78  118,78
95,00  12,51  107,51
85,00  10,78  95,78
110,00  8,56  118,56
100,00  9,24  109,24
100,00  8,20  108,20
110,00  10,93  120,93
95,00  11,81  106,81
105,00  7,56  112,56
115,00  11,88  126,88
100,00  7,48  107,48
115,00  10,30  125,30
95,00  10,72  105,72
120,00  4,99  124,99
95,00  8,03  103,03
100,00  11,38  111,38
110,00  14,44  124,44
120,00  6,82  126,82
135,00  6,31  141,31


90,00  2,38  92,38
90,00  1,70  91,70
90,00  3,25  93,25
90,00  2,04  92,04
90,00  1,81  91,81
90,00  2,51  92,51
90,00  3,43  93,43
90,00  2,31  92,31
90,00  3,31  93,31
90,00  2,01  92,01
90,00  3,69  93,69
90,00  3,48  93,48
90,00  3,77  93,77
90,00  3,49  93,49
90,00  2,01  92,01
90,00  3,04  93,04
90,00  2,10  92,11
90,00  7,51  97,52
90,00  2,77  92,78
90,00  2,29  92,29
90,00  1,76  91,76
90,00  2,40  92,40
90,00  3,11  93,11
90,00  2,91  92,91
90,00  1,67  91,67
90,00  3,03  93,03
90,00  2,55  92,55
90,00  3,36  93,36
90,00  2,81  92,81
90,00  4,08  94,08