35,89  2,31  38,19
35,23  2,11  37,34
41,91  2,48  44,39
37,64  2,34  39,98
35,46  3,66  39,12
41,36  5,91  47,27
39,51  3,47  42,98
30,31  2,64  32,94
35,70  2,84  38,54
34,86  3,69  38,55
41,50  4,31  45,81
37,14  2,26  39,40
37,41  3,08  40,49
35,31  3,84  39,15
46,09  2,47  48,56
36,70  3,27  39,97
35,56  3,24  38,80
34,28  3,80  38,09
41,17  2,78  43,95
45,02  2,34  47,36
37,13  2,43  39,56
41,11  2,45  43,55
43,74  2,20  45,93
29,28  2,34  31,62
40,19  2,44  42,63
40,82  2,85  43,67
37,01  1,70  38,71
35,31  2,80  38,11
37,79  3,13  40,92
32,16  3,08  35,24

85,00   10,59  95,59
105,00  9,42   114,42
100,00  12,36  112,36
115,00  14,32  129,32
115,00  6,71   121,71
100,00  11,43  111,43
110,00  10,15  120,15
105,00  8,38   113,38
110,00  16,39  126,39
125,00  8,29   133,29
90,00   14,27  104,27
85,00   9,98   94,98
100,00  15,50  115,50
120,00  10,11  130,11
95,00   9,33   104,33
115,00  9,06   124,06
85,00   13,12  98,12
130,00  20,32  150,32
95,00   7,50   102,50
110,00  8,14   118,14
100,00  10,38  110,38
125,00  8,42   133,42
105,00  13,13  118,13
125,00  8,21   133,21
100,00  10,57  110,57
125,00  15,38  140,38
85,00   13,75  98,75
110,00  15,63  125,63
105,00  11,32  116,32
95,00   6,63   101,64


90,00  2,19  92,19
90,00  2,76  92,76
90,00  3,82  93,82
90,00  4,11  94,11
90,00  2,53  92,53
90,00  3,17  93,17
90,00  2,32  92,32
90,00  2,84  92,84
90,00  2,04  92,04
90,00  7,26  97,26
90,00  1,98  91,98
90,00  1,91  91,91
90,00  4,02  94,02
90,00  2,00  92,00
90,00  2,86  92,86
90,00  2,25  92,25
90,00  2,71  92,72
90,00  3,01  93,01
90,00  2,58  92,58
90,00  2,79  92,79
90,00  2,67  92,67
90,00  2,94  92,94
90,00  1,58  91,58
90,00  3,15  93,15
90,00  5,16  95,16
90,00  2,94  92,94
90,00  2,25  92,25
90,00  2,70  92,70
90,00  3,22  93,22
90,00  1,67  91,67