75,00  2,06  77,06
70,00  1,79  71,79
55,00  1,92  56,92
55,00  1,44  56,44
60,00  1,68  61,68
60,00  1,42  61,41
65,00  1,82  66,82
80,00  2,21  82,21
55,00  1,39  56,39
60,00  1,14  61,14
55,00  2,68  57,68
65,00  1,98  66,97
60,00  1,18  61,18
70,00  1,62  71,62
65,00  2,50  67,50
60,00  2,06  62,06
65,00  1,24  66,24
55,00  1,78  56,78
65,00  2,19  67,19
60,00  1,53  61,53
70,00  2,56  72,56
55,00  1,93  56,93
70,00  1,78  71,78
60,00  2,05  62,05
70,00  1,42  71,42
60,00  1,67  61,67
70,00  2,27  72,27
60,00  2,73  62,73
65,00  2,50  67,50
60,00  2,20  62,20