125,00  1,17  126,17
85,00  0,92  85,92
80,00  0,54  80,54
65,00  0,62  65,62
130,00  0,49  130,49
60,00  0,35  60,35
120,00  0,71  120,71
90,00  0,24  90,24
75,00  0,20  75,20
115,00  0,67  115,67
90,00  0,38  90,38
80,00  2,04  82,05
60,00  0,60  60,60
105,00  0,70  105,70
95,00  0,83  95,83
95,00  1,17  96,17
140,00  0,38  140,38
125,00  0,29  125,29
100,00  0,47  100,47
120,00  0,67  120,67
75,00  0,92  75,92
115,00  0,27  115,27
85,00  0,45  85,45
85,00  0,55  85,55
140,00  1,99  141,99
65,00  0,12  65,12
100,00  0,41  100,41
75,00  2,16  77,16
145,00  0,39  145,38
80,00  0,55  80,55