60,00  1,37  61,37
60,00  2,15  62,16
70,00  0,97  70,97
60,00  2,23  62,23
60,00  1,64  61,64
55,00  2,72  57,72
60,00  1,29  61,29
75,00  1,03  76,03
60,00  1,18  61,18
65,00  1,68  66,68
60,00  1,23  61,23
55,00  1,58  56,58
90,00  0,99  90,99
55,00  2,39  57,39
60,00  1,22  61,22
65,00  1,58  66,58
75,00  0,96  75,96
75,00  2,34  77,34
55,00  1,66  56,66
60,00  1,07  61,08
60,00  1,66  61,66
65,00  0,62  65,62
65,00  1,91  66,91
65,00  1,40  66,40
65,00  0,95  65,95
70,00  0,65  70,64
70,00  1,55  71,55
70,00  1,29  71,29
60,00  1,51  61,51
70,00  1,63  71,63