55,00  2,65  57,65
55,00  2,38  57,38
55,00  1,86  56,86
60,00  1,25  61,25
55,00  1,34  56,34
55,00  0,98  55,98
75,00  0,93  75,93
55,00  2,17  57,17
60,00  3,39  63,39
50,00  1,25  51,25
65,00  1,40  66,40
70,00  1,21  71,20
55,00  0,91  55,91
55,00  1,62  56,62
60,00  1,65  61,65
55,00  1,01  56,01
65,00  1,42  66,42
55,00  1,46  56,45
55,00  1,26  56,26
60,00  0,94  60,94
60,00  1,25  61,26
55,00  1,23  56,23
60,00  0,91  60,91
55,00  1,10  56,10
70,00  1,05  71,05
60,00  1,01  61,01
55,00  2,11  57,11
60,00  1,29  61,29
50,00  1,85  51,85
60,00  1,87  61,87