90,00  0,73  90,73
75,00  0,14  75,14
110,00  0,21  110,22
80,00  0,17  80,17
125,00  0,78  125,78
75,00  0,09  75,09
90,00  1,31  91,31
60,00  0,30  60,30
115,00  0,50  115,50
100,00  0,52  100,52
65,00  0,08  65,08
80,00  0,42  80,42
90,00  0,26  90,26
75,00  1,03  76,03
60,00  0,77  60,77
85,00  0,64  85,64
115,00  0,30  115,30
75,00  0,10  75,09
100,00  0,62  100,62
65,00  0,50  65,50
105,00  0,55  105,55
65,00  0,92  65,92
100,00  2,01  102,01
95,00  0,54  95,54
55,00  0,36  55,36
125,00  0,58  125,58
70,00  0,20  70,20
75,00  0,20  75,20
95,00  0,25  95,25
80,00  0,30  80,31