65,00  0,79  65,79
55,00  0,66  55,66
60,00  1,08  61,08
60,00  0,64  60,63
50,00  0,63  50,63
70,00  1,24  71,24
55,00  1,07  56,07
70,00  1,07  71,07
55,00  1,07  56,07
50,00  1,29  51,29
50,00  0,71  50,71
65,00  0,90  65,90
60,00  1,03  61,03
60,00  1,15  61,15
70,00  0,74  70,75
75,00  1,16  76,16
55,00  0,73  55,73
60,00  1,04  61,04
55,00  0,81  55,81
55,00  1,64  56,64
65,00  0,58  65,58
55,00  1,44  56,44
60,00  0,76  60,76
55,00  0,82  55,82
55,00  0,95  55,95
60,00  1,86  61,86
60,00  1,04  61,04
65,00  0,71  65,71
55,00  1,56  56,56
55,00  1,32  56,32